h2spatial-ext/src/test/resources/org/h2gis/h2spatialext/function/spatial/raster/chezine.asc
ncols        643
nrows        555
xllcorner    291970.000000000000
yllcorner    2251430.000000000000
cellsize     20.000000000000
[rows 418 to 439 of 555, columns 300 to 349 of 643]
0 0 0 0 0 0 0 0 34.600000000000001421 34.899999999999998579 35.700000000000002842 36.399999999999998579 36.600000000000001421 37.100000000000001421 37.399999999999998579 37.700000000000002842 37.799999999999997158 38.200000000000002842 38.200000000000002842 38.200000000000002842 37.399999999999998579 37.299999999999997158 37.399999999999998579 37.600000000000001421 37.799999999999997158 38 38.100000000000001421 38.299999999999997158 38.399999999999998579 38.399999999999998579 38.299999999999997158 38.5 38.700000000000002842 38.700000000000002842 38.700000000000002842 38.899999999999998579 39.299999999999997158 39.799999999999997158 40.700000000000002842 41.299999999999997158 41.399999999999998579 41.600000000000001421 42 42.5 43.600000000000001421 43.700000000000002842 43.799999999999997158 44.600000000000001421 44.600000000000001421 45.299999999999997158
0 0 0 0 0 0 0 0 0 35.399999999999998579 35.799999999999997158 35.899999999999998579 36.5 36.899999999999998579 37.299999999999997158 37.200000000000002842 37.200000000000002842 37.5 37.799999999999997158 37.799999999999997158 37.799999999999997158 37.600000000000001421 37.100000000000001421 37.200000000000002842 37.200000000000002842 37.399999999999998579 37.600000000000001421 37.799999999999997158 37.799999999999997158 37.899999999999998579 38 38.100000000000001421 38.200000000000002842 38.299999999999997158 38.5 38.600000000000001421 39.200000000000002842 40.100000000000001421 40.5 40.399999999999998579 41 41 41.299999999999997158 42.399999999999998579 43 42.899999999999998579 43 43.200000000000002842 43.5 44.100000000000001421
0 0 0 0 0 0 0 0 0 0 35.899999999999998579 35.899999999999998579 36.299999999999997158 36.799999999999997158 36.700000000000002842 36.700000000000002842 36.899999999999998579 36.899999999999998579 37.200000000000002842 37 38 37.600000000000001421 37.100000000000001421 37.200000000000002842 37.299999999999997158 37.200000000000002842 37.200000000000002842 37.200000000000002842 37.299999999999997158 37.399999999999998579 37.399999999999998579 37.799999999999997158 38 38.100000000000001421 38.299999999999997158 38.5 39.100000000000001421 39.600000000000001421 39.700000000000002842 40.200000000000002842 40.600000000000001421 40.5 41.100000000000001421 41.700000000000002842 42.299999999999997158 42.799999999999997158 42.700000000000002842 42.799999999999997158 42.899999999999998579 43
0 0 0 0 0 0 0 0 0 0 0 36 36.200000000000002842 36.200000000000002842 36.200000000000002842 36.600000000000001421 36.799999999999997158 36.700000000000002842 36.600000000000001421 37.100000000000001421 37.5 37.299999999999997158 37.100000000000001421 36.899999999999998579 36.899999999999998579 37 37 36.899999999999998579 36.799999999999997158 36.700000000000002842 36.899999999999998579 37.5 37.700000000000002842 37.899999999999998579 37.899999999999998579 38.200000000000002842 38.799999999999997158 39 39.5 39.899999999999998579 40.399999999999998579 41.100000000000001421 40.799999999999997158 41 41.600000000000001421 42.200000000000002842 42.700000000000002842 42.600000000000001421 42.399999999999998579 42.200000000000002842
0 0 0 0 0 0 0 0 0 0 0 0 0 36.200000000000002842 36.299999999999997158 36.5 36.700000000000002842 36.799999999999997158 36 36.799999999999997158 37.399999999999998579 37.399999999999998579 37.100000000000001421 36.700000000000002842 36.600000000000001421 36.600000000000001421 36.5 36.399999999999998579 36.600000000000001421 36.399999999999998579 36.5 37.299999999999997158 37.399999999999998579 37.399999999999998579 37.5 37.899999999999998579 38.399999999999998579 38.5 38.799999999999997158 39.399999999999998579 40.200000000000002842 41.5 41.299999999999997158 40.5 40.899999999999998579 41.399999999999998579 41.899999999999998579 41.600000000000001421 41.5 41.5
0 0 0 0 0 0 0 0 0 0 0 0 0 0 36.399999999999998579 36.5 36.600000000000001421 36.600000000000001421 36.700000000000002842 36.700000000000002842 37.100000000000001421 37.200000000000002842 36.899999999999998579 36.399999999999998579 36.200000000000002842 36.200000000000002842 36 35.799999999999997158 35.899999999999998579 36.200000000000002842 36.299999999999997158 36.5 36.899999999999998579 37 37.200000000000002842 37.700000000000002842 38.100000000000001421 38.600000000000001421 38.700000000000002842 39.100000000000001421 39.700000000000002842 40.399999999999998579 40.200000000000002842 40.299999999999997158 40.5 40.799999999999997158 40.899999999999998579 40.600000000000001421 40.399999999999998579 41
0 0 0 0 0 0 0 0 0 0 0 0 0 0 0 36.200000000000002842 36.200000000000002842 36.200000000000002842 36.399999999999998579 36.600000000000001421 36.5 36.200000000000002842 35.899999999999998579 35.700000000000002842 35.799999999999997158 35.799999999999997158 35.600000000000001421 35.5 35.5 35.899999999999998579 36.299999999999997158 36.399999999999998579 36.5 36.5 37 37.600000000000001421 38.299999999999997158 38.799999999999997158 39.299999999999997158 39.600000000000001421 39.700000000000002842 39.899999999999998579 40.100000000000001421 40.200000000000002842 40.299999999999997158 40.399999999999998579 40.5 40.299999999999997158 40.200000000000002842 40.200000000000002842
0 0 0 0 0 0 0 0 0 0 0 0 0 0 0 0 35.799999999999997158 35.700000000000002842 35.899999999999998579 35.799999999999997158 35.799999999999997158 35.299999999999997158 35.100000000000001421 35.299999999999997158 35.299999999999997158 35.5 35.5 35.100000000000001421 35.5 36 36.399999999999998579 36.399999999999998579 36.5 36.700000000000002842 37.200000000000002842 37.899999999999998579 38.299999999999997158 38.700000000000002842 39.200000000000002842 39.5 39.600000000000001421 39.799999999999997158 40 40.100000000000001421 40 39.899999999999998579 40.100000000000001421 40 40.100000000000001421 40
0 0 0 0 0 0 0 0 0 0 0 0 0 0 0 0 0 0 35 35.299999999999997158 35.399999999999998579 35.100000000000001421 35 34.700000000000002842 34.799999999999997158 34.600000000000001421 34.799999999999997158 35.399999999999998579 35.700000000000002842 36.100000000000001421 36.399999999999998579 36.5 36.600000000000001421 36.899999999999998579 37.200000000000002842 37.600000000000001421 37.799999999999997158 38.299999999999997158 38.700000000000002842 39.100000000000001421 39.399999999999998579 39.600000000000001421 39.899999999999998579 39.899999999999998579 39.600000000000001421 39.399999999999998579 39.600000000000001421 39.600000000000001421 40 39.899999999999998579
0 0 0 0 0 0 0 0 0 0 0 0 0 0 0 0 0 0 0 35 35.299999999999997158 35.5 35 34 33.700000000000002842 33.799999999999997158 34.299999999999997158 34.700000000000002842 35.700000000000002842 36 36.299999999999997158 36.700000000000002842 36.899999999999998579 37.100000000000001421 37.299999999999997158 37.5 37.600000000000001421 37.700000000000002842 38.200000000000002842 38.600000000000001421 39.100000000000001421 39.399999999999998579 39.600000000000001421 39.399999999999998579 39.100000000000001421 38.899999999999998579 39.100000000000001421 39.100000000000001421 39.200000000000002842 39
0 0 0 0 0 0 0 0 0 0 0 0 0 0 0 0 0 0 0 0 34.5 34.899999999999998579 34.100000000000001421 33.5 34 34.200000000000002842 34.100000000000001421 34.600000000000001421 35.200000000000002842 35.899999999999998579 36.299999999999997158 36.700000000000002842 36.799999999999997158 36.899999999999998579 36.899999999999998579 37 37.299999999999997158 37.5 37.799999999999997158 38.100000000000001421 38.600000000000001421 39 39.200000000000002842 38.899999999999998579 38.799999999999997158 38.5 38.600000000000001421 38.600000000000001421 38.600000000000001421 38.5
0 0 0 0 0 0 0 0 0 0 0 0 0 0 0 0 0 0 0 0 0 33.700000000000002842 33.399999999999998579 33.399999999999998579 33.399999999999998579 33.799999999999997158 34.399999999999998579 34.700000000000002842 35.200000000000002842 35.700000000000002842 36.200000000000002842 36.5 36.600000000000001421 36.600000000000001421 36.5 36.5 37 37.5 38 37.899999999999998579 38 38.399999999999998579 38.700000000000002842 38.899999999999998579 38.799999999999997158 38.399999999999998579 38.100000000000001421 38.200000000000002842 38.200000000000002842 38
0 0 0 0 0 0 0 0 0 0 0 0 0 0 0 0 0 0 0 0 0 0 0 32.899999999999998579 32.899999999999998579 33.399999999999998579 34.100000000000001421 34.700000000000002842 35.200000000000002842 35.600000000000001421 36.100000000000001421 36.299999999999997158 36.600000000000001421 36.600000000000001421 36.5 36.5 37.100000000000001421 38.600000000000001421 38.5 38 37.799999999999997158 37.799999999999997158 38.100000000000001421 38.200000000000002842 38.399999999999998579 38.299999999999997158 38 37.700000000000002842 37.700000000000002842 37.600000000000001421
0 0 0 0 0 0 0 0 0 0 0 0 0 0 0 0 0 0 0 0 0 0 0 0 32.5 33.100000000000001421 33.799999999999997158 34.5 35.100000000000001421 35.5 36 36.399999999999998579 36.700000000000002842 36.700000000000002842 36.5 36.5 36.799999999999997158 37.700000000000002842 38.399999999999998579 38.100000000000001421 37.799999999999997158 37.700000000000002842 37.399999999999998579 37.399999999999998579 37.700000000000002842 37.899999999999998579 38 37.799999999999997158 37.299999999999997158 37.299999999999997158
0 0 0 0 0 0 0 0 0 0 0 0 0 0 0 0 0 0 0 0 0 0 0 0 0 32.899999999999998579 33.600000000000001421 34.200000000000002842 34.899999999999998579 35.5 36 36.299999999999997158 36.5 36.399999999999998579 36.5 36.5 36.700000000000002842 37.200000000000002842 37.700000000000002842 37.899999999999998579 37.700000000000002842 37.600000000000001421 37.200000000000002842 36.899999999999998579 36.799999999999997158 37.100000000000001421 37.600000000000001421 37.799999999999997158 37.100000000000001421 36.700000000000002842
0 0 0 0 0 0 0 0 0 0 0 0 0 0 0 0 0 0 0 0 0 0 0 0 0 0 33.299999999999997158 34 34 34.799999999999997158 35.700000000000002842 36 36.200000000000002842 36.100000000000001421 36.299999999999997158 36.399999999999998579 36.600000000000001421 37.200000000000002842 37.899999999999998579 37.600000000000001421 37.299999999999997158 37.399999999999998579 37 36.700000000000002842 36.600000000000001421 36.299999999999997158 36.600000000000001421 36.600000000000001421 36.299999999999997158 36.5
0 0 0 0 0 0 0 0 0 0 0 0 0 0 0 0 0 0 0 0 0 0 0 0 0 0 0 0 33.200000000000002842 33.600000000000001421 34.100000000000001421 35 35.700000000000002842 36.100000000000001421 36.399999999999998579 36.399999999999998579 36.399999999999998579 37.100000000000001421 37.200000000000002842 37.200000000000002842 37 37.299999999999997158 36.799999999999997158 36.5 36.399999999999998579 36.200000000000002842 36 36 36.200000000000002842 36.399999999999998579
0 0 0 0 0 0 0 0 0 0 0 0 0 0 0 0 0 0 0 0 0 0 0 0 0 0 0 0 0 33.399999999999998579 33.100000000000001421 34.5 35.100000000000001421 35.399999999999998579 35.399999999999998579 36 36.299999999999997158 36.600000000000001421 36.600000000000001421 36.600000000000001421 36.700000000000002842 37 36.700000000000002842 36.299999999999997158 36.200000000000002842 36 35.899999999999998579 35.799999999999997158 35.700000000000002842 35.899999999999998579
0 0 0 0 0 0 0 0 0 0 0 0 0 0 0 0 0 0 0 0 0 0 0 0 0 0 0 0 0 0 34.200000000000002842 34.5 34.5 34.5 34.399999999999998579 35.5 36 36.200000000000002842 36.5 36.799999999999997158 36.700000000000002842 36.600000000000001421 36.399999999999998579 36.100000000000001421 36.200000000000002842 36 35.899999999999998579 35.700000000000002842 35.600000000000001421 35.399999999999998579
0 0 0 0 0 0 0 0 0 0 0 0 0 0 0 0 0 0 0 0 0 0 0 0 0 0 0 0 0 0 0 0 34.100000000000001421 34 34.600000000000001421 35.600000000000001421 35.600000000000001421 35.899999999999998579 36.200000000000002842 36.700000000000002842 36.600000000000001421 36.5 36.5 36.399999999999998579 36.299999999999997158 36 35.899999999999998579 35.700000000000002842 35.5 35.399999999999998579
0 0 0 0 0 0 0 0 0 0 0 0 0 0 0 0 0 0 0 0 0 0 0 0 0 0 0 0 0 0 0 0 0 34.299999999999997158 35.100000000000001421 35.299999999999997158 35.399999999999998579 36 36.600000000000001421 36.799999999999997158 36.600000000000001421 36.399999999999998579 36.399999999999998579 36.299999999999997158 36.100000000000001421 36.100000000000001421 36.100000000000001421 35.899999999999998579 35.700000000000002842 35.5
0 0 0 0 0 0 0 0 0 0 0 0 0 0 0 0 0 0 0 0 0 0 0 0 0 0 0 0 0 0 0 0 0 0 34.5 34.899999999999998579 35.299999999999997158 35.700000000000002842 36 36.200000000000002842 36.5 36.299999999999997158 36.200000000000002842 36.200000000000002842 36.100000000000001421 35.899999999999998579 36.100000000000001421 36 35.5 34.799999999999997158
