h2spatial-ext/src/test/resources/org/h2gis/h2spatialext/function/spatial/raster/chezine.asc
ncols        643
nrows        555
xllcorner    291970.000000000000
yllcorner    2251430.000000000000
cellsize     20.000000000000
[rows 330 to 351 of 555, columns 550 to 599 of 643]
45.799999999999997158 45.799999999999997158 45.799999999999997158 45.700000000000002842 45.600000000000001421 45.600000000000001421 45.600000000000001421 45.299999999999997158 44.899999999999998579 44.600000000000001421 44.5 44.299999999999997158 44.100000000000001421 43.799999999999997158 43.399999999999998579 43.200000000000002842 42.799999999999997158 42.200000000000002842 42 41.799999999999997158 41.700000000000002842 41.5 41.100000000000001421 40.899999999999998579 40.5 40.200000000000002842 40 39.600000000000001421 39.200000000000002842 38.700000000000002842 38.200000000000002842 37.899999999999998579 37.700000000000002842 37.600000000000001421 37.399999999999998579 37.299999999999997158 37.200000000000002842 37.200000000000002842 37.299999999999997158 37.299999999999997158 37.399999999999998579 37.5 37.600000000000001421 37.799999999999997158 37.5 37.5 37.5 37.399999999999998579 37 36.299999999999997158
45.600000000000001421 45.399999999999998579 45.5 45.600000000000001421 45.600000000000001421 45.600000000000001421 45.600000000000001421 45.399999999999998579 45 44.700000000000002842 44.700000000000002842 44.299999999999997158 44.200000000000002842 44 43.600000000000001421 43.299999999999997158 43.100000000000001421 42.799999999999997158 42.299999999999997158 42.100000000000001421 42 41.200000000000002842 41.200000000000002842 41.100000000000001421 40.700000000000002842 40.399999999999998579 40.100000000000001421 39.700000000000002842 39.200000000000002842 38.700000000000002842 38.200000000000002842 37.799999999999997158 37.700000000000002842 37.5 37.200000000000002842 37.100000000000001421 36.899999999999998579 36.899999999999998579 37.100000000000001421 37.100000000000001421 37.399999999999998579 37.5 37.5 37.600000000000001421 37.5 37.399999999999998579 37.399999999999998579 37.200000000000002842 36.899999999999998579 36.399999999999998579
45 44.899999999999998579 45 45.200000000000002842 45.399999999999998579 45.5 45.600000000000001421 45.5 45.100000000000001421 44.700000000000002842 44.600000000000001421 44.5 44.299999999999997158 44.100000000000001421 43.799999999999997158 43.399999999999998579 43.299999999999997158 43.200000000000002842 42.799999999999997158 42.5 42.200000000000002842 41.899999999999998579 41.200000000000002842 40.799999999999997158 40.600000000000001421 40.600000000000001421 40.100000000000001421 39.799999999999997158 39.5 39 38.399999999999998579 38 37.700000000000002842 37.5 37.200000000000002842 36.899999999999998579 36.600000000000001421 36.5 36.600000000000001421 36.899999999999998579 37.100000000000001421 37.299999999999997158 37.299999999999997158 37.399999999999998579 37.399999999999998579 37.399999999999998579 37.299999999999997158 37 36.700000000000002842 36.399999999999998579
44.399999999999998579 44.299999999999997158 44.700000000000002842 44.899999999999998579 45.299999999999997158 45.5 45.5 45.399999999999998579 45 44.700000000000002842 44.700000000000002842 44.5 44.399999999999998579 44.200000000000002842 43.899999999999998579 43.600000000000001421 43.5 43.299999999999997158 43.100000000000001421 42.700000000000002842 42.299999999999997158 41.899999999999998579 41.600000000000001421 41.299999999999997158 40.600000000000001421 40.200000000000002842 40.200000000000002842 39.799999999999997158 39.399999999999998579 38.799999999999997158 38.600000000000001421 38.100000000000001421 37.700000000000002842 37.399999999999998579 36.899999999999998579 36.5 36.299999999999997158 36.200000000000002842 36.299999999999997158 36.399999999999998579 36.700000000000002842 37 37.200000000000002842 37.399999999999998579 37.399999999999998579 37.299999999999997158 37.100000000000001421 36.799999999999997158 36.600000000000001421 36.299999999999997158
43.799999999999997158 43.899999999999998579 44.299999999999997158 44.5 44.899999999999998579 45.200000000000002842 45.399999999999998579 45.399999999999998579 45.100000000000001421 45 45 44.700000000000002842 44.399999999999998579 44.299999999999997158 44.100000000000001421 43.799999999999997158 43.600000000000001421 43.399999999999998579 43.100000000000001421 42.700000000000002842 42.399999999999998579 42 41.600000000000001421 41.399999999999998579 41.100000000000001421 40.700000000000002842 40.200000000000002842 39.799999999999997158 39.5 39 38.5 38 37.700000000000002842 37.299999999999997158 36.799999999999997158 36.399999999999998579 36 35.799999999999997158 35.899999999999998579 35.899999999999998579 36.299999999999997158 36.600000000000001421 36.799999999999997158 37.100000000000001421 37.100000000000001421 37.100000000000001421 36.899999999999998579 36.600000000000001421 36.399999999999998579 36.100000000000001421
43.299999999999997158 43.600000000000001421 44 44.299999999999997158 44.899999999999998579 44.799999999999997158 45 45.200000000000002842 45.100000000000001421 45.100000000000001421 45.200000000000002842 45 44.600000000000001421 44.399999999999998579 44.200000000000002842 43.899999999999998579 43.700000000000002842 43.399999999999998579 43.100000000000001421 42.799999999999997158 42.5 42 41.700000000000002842 41.5 41.299999999999997158 41 40.600000000000001421 39.899999999999998579 39.5 39.100000000000001421 38.5 38.100000000000001421 37.700000000000002842 37.299999999999997158 36.799999999999997158 36.299999999999997158 35.899999999999998579 35.600000000000001421 35.600000000000001421 35.600000000000001421 35.899999999999998579 36.100000000000001421 36.299999999999997158 36.700000000000002842 36.799999999999997158 36.899999999999998579 36.700000000000002842 36.5 36.299999999999997158 36
43 43.100000000000001421 43.5 43.899999999999998579 44.299999999999997158 44.899999999999998579 45 44.899999999999998579 45 45 45.100000000000001421 44.899999999999998579 44.700000000000002842 44.399999999999998579 44.100000000000001421 43.899999999999998579 43.700000000000002842 43.5 43.200000000000002842 42.799999999999997158 42.5 42.100000000000001421 41.799999999999997158 41.600000000000001421 41.399999999999998579 41.100000000000001421 40.799999999999997158 40.200000000000002842 39.600000000000001421 39.100000000000001421 38.600000000000001421 38.100000000000001421 37.799999999999997158 37.399999999999998579 36.799999999999997158 36.200000000000002842 35.700000000000002842 35.5 35.399999999999998579 35.399999999999998579 35.600000000000001421 35.799999999999997158 35.899999999999998579 36.200000000000002842 36.5 36.600000000000001421 36.5 36.299999999999997158 36.200000000000002842 35.899999999999998579
42.200000000000002842 42.600000000000001421 43 43.299999999999997158 43.799999999999997158 44.200000000000002842 44.899999999999998579 45.200000000000002842 45.200000000000002842 45.100000000000001421 44.899999999999998579 44.700000000000002842 44.600000000000001421 44.399999999999998579 44.200000000000002842 44 43.799999999999997158 43.700000000000002842 43.399999999999998579 43 42.5 42.100000000000001421 41.799999999999997158 41.700000000000002842 41.5 41.299999999999997158 40.799999999999997158 40.399999999999998579 39.799999999999997158 39.200000000000002842 38.600000000000001421 38.200000000000002842 37.799999999999997158 37.399999999999998579 36.899999999999998579 36.200000000000002842 35.700000000000002842 35.399999999999998579 35.200000000000002842 35.200000000000002842 35.399999999999998579 35.5 35.600000000000001421 35.799999999999997158 36.200000000000002842 36.5 36.399999999999998579 36.100000000000001421 35.899999999999998579 35.799999999999997158
41.5 42 42.5 43 43.399999999999998579 43.799999999999997158 44 44.700000000000002842 44.399999999999998579 44.600000000000001421 44.600000000000001421 44.600000000000001421 44.5 44.399999999999998579 44.299999999999997158 44.200000000000002842 44 43.700000000000002842 43.399999999999998579 43 42.600000000000001421 42 41.700000000000002842 41.600000000000001421 41.5 41.200000000000002842 40.899999999999998579 40.299999999999997158 39.799999999999997158 39.299999999999997158 38.600000000000001421 38 37.600000000000001421 37.200000000000002842 36.700000000000002842 36.200000000000002842 35.700000000000002842 35.399999999999998579 35.200000000000002842 34.700000000000002842 35.299999999999997158 35.5 35.5 35.700000000000002842 36 36.200000000000002842 35.899999999999998579 35.899999999999998579 35.899999999999998579 35.600000000000001421
40.899999999999998579 41.600000000000001421 42 42.600000000000001421 43 43.299999999999997158 43.600000000000001421 43.899999999999998579 43.899999999999998579 44.100000000000001421 44.299999999999997158 44.5 44.5 44.5 44.5 44.299999999999997158 44.100000000000001421 43.899999999999998579 43.600000000000001421 43.200000000000002842 42.799999999999997158 42.200000000000002842 41.799999999999997158 41.600000000000001421 41.5 41.200000000000002842 41 40.5 40 39.5 38.799999999999997158 38.100000000000001421 37.600000000000001421 37.200000000000002842 36.799999999999997158 36.5 36.100000000000001421 35.799999999999997158 35.399999999999998579 35.299999999999997158 34.5 34.899999999999998579 35.399999999999998579 35.200000000000002842 35.5 35.700000000000002842 36 35.899999999999998579 35.5 35.299999999999997158
40.899999999999998579 41 41.5 42 42.5 42.899999999999998579 43.100000000000001421 43.399999999999998579 43.600000000000001421 43.799999999999997158 44 44.200000000000002842 44.399999999999998579 44.5 44.5 44.399999999999998579 44.200000000000002842 44 43.799999999999997158 43.399999999999998579 42.899999999999998579 42.5 42 41.799999999999997158 41.5 41.200000000000002842 41 40.5 40 39.399999999999998579 38.799999999999997158 38.200000000000002842 37.700000000000002842 37.299999999999997158 37 36.899999999999998579 36.399999999999998579 36.299999999999997158 35.899999999999998579 35.600000000000001421 35.5 34.299999999999997158 34.5 34.899999999999998579 35 35.299999999999997158 35.700000000000002842 35.5 35 34.899999999999998579
40.700000000000002842 40.899999999999998579 41.100000000000001421 41.399999999999998579 41.899999999999998579 42.399999999999998579 42.5 42.700000000000002842 43.100000000000001421 43.399999999999998579 43.700000000000002842 43.899999999999998579 44.299999999999997158 44.5 44.600000000000001421 44.5 44.200000000000002842 44 43.899999999999998579 43.600000000000001421 43.200000000000002842 42.799999999999997158 42.399999999999998579 42.100000000000001421 41.700000000000002842 41.299999999999997158 41 40.600000000000001421 40.100000000000001421 39.600000000000001421 39 38.299999999999997158 37.799999999999997158 37.5 37.399999999999998579 37.299999999999997158 36.899999999999998579 36.600000000000001421 36.399999999999998579 36.100000000000001421 35.799999999999997158 35.5 34.100000000000001421 34.100000000000001421 34.5 34.899999999999998579 35.299999999999997158 35 34.399999999999998579 34.299999999999997158
39.700000000000002842 40.799999999999997158 41 41.200000000000002842 41.299999999999997158 41.799999999999997158 41.899999999999998579 42 42.5 42.899999999999998579 43.399999999999998579 43.700000000000002842 44.200000000000002842 44.5 44.600000000000001421 44.5 44.299999999999997158 44.100000000000001421 43.899999999999998579 43.700000000000002842 43.5 43.100000000000001421 42.799999999999997158 42.399999999999998579 42.100000000000001421 41.600000000000001421 41 40.700000000000002842 40.200000000000002842 39.700000000000002842 39.100000000000001421 38.5 38.100000000000001421 37.700000000000002842 37.700000000000002842 37.600000000000001421 37.299999999999997158 36.5 36.799999999999997158 36.399999999999998579 36 35.600000000000001421 34.799999999999997158 34.100000000000001421 33.600000000000001421 34.100000000000001421 34.799999999999997158 34.299999999999997158 34 33.899999999999998579
38.799999999999997158 39.799999999999997158 40.700000000000002842 40.899999999999998579 41.100000000000001421 41.200000000000002842 41.600000000000001421 41.799999999999997158 42 42.5 43 43.600000000000001421 44 44.399999999999998579 44.5 44.5 44.299999999999997158 44.100000000000001421 44 43.799999999999997158 43.600000000000001421 43.399999999999998579 43 42.600000000000001421 42.200000000000002842 41.700000000000002842 41.299999999999997158 40.700000000000002842 40.200000000000002842 39.700000000000002842 39.100000000000001421 38.700000000000002842 38.299999999999997158 38 37.899999999999998579 37.899999999999998579 37.700000000000002842 37.399999999999998579 37 36.399999999999998579 36.100000000000001421 35.600000000000001421 35.200000000000002842 34.5 33.799999999999997158 33.200000000000002842 33.700000000000002842 33.600000000000001421 33.5 33.399999999999998579
38.600000000000001421 39 39.899999999999998579 40.5 40.799999999999997158 40.600000000000001421 41 41.299999999999997158 41.600000000000001421 42.299999999999997158 42.399999999999998579 43.100000000000001421 43.799999999999997158 44.200000000000002842 44.299999999999997158 44.299999999999997158 44.200000000000002842 44.200000000000002842 44 43.899999999999998579 43.700000000000002842 43.600000000000001421 43.200000000000002842 42.799999999999997158 42.5 42.100000000000001421 41.700000000000002842 41.299999999999997158 40.600000000000001421 40.100000000000001421 39.5 39 38.600000000000001421 38.299999999999997158 38.200000000000002842 38.100000000000001421 37.899999999999998579 37.700000000000002842 37.299999999999997158 36.899999999999998579 35.899999999999998579 35.899999999999998579 35.299999999999997158 34.799999999999997158 34.299999999999997158 33.600000000000001421 32.799999999999997158 33.200000000000002842 33 32.899999999999998579
38.399999999999998579 38.700000000000002842 39.100000000000001421 39.600000000000001421 40.200000000000002842 40.299999999999997158 40.299999999999997158 41 41.399999999999998579 41.700000000000002842 42 42.5 43.399999999999998579 43.899999999999998579 44.100000000000001421 44.200000000000002842 44.200000000000002842 44.200000000000002842 44 43.899999999999998579 43.799999999999997158 43.600000000000001421 43.399999999999998579 43 42.600000000000001421 42.200000000000002842 42 41.700000000000002842 41.100000000000001421 40.399999999999998579 39.799999999999997158 39.399999999999998579 38.899999999999998579 38.600000000000001421 38.399999999999998579 38.200000000000002842 38 37.799999999999997158 37.600000000000001421 37.200000000000002842 36.899999999999998579 35.399999999999998579 35.600000000000001421 35 34.5 34.100000000000001421 33.5 33 32.799999999999997158 32.600000000000001421
37.600000000000001421 37.899999999999998579 38.299999999999997158 38.600000000000001421 39.200000000000002842 39.700000000000002842 40 40.600000000000001421 40.600000000000001421 41.299999999999997158 41.799999999999997158 42.200000000000002842 43.100000000000001421 43.600000000000001421 43.899999999999998579 44.100000000000001421 44.100000000000001421 44.100000000000001421 44 43.899999999999998579 43.799999999999997158 43.600000000000001421 43.5 43.200000000000002842 42.700000000000002842 42.299999999999997158 42 41.799999999999997158 41.5 40.899999999999998579 40.100000000000001421 39.600000000000001421 39.200000000000002842 38.700000000000002842 38.5 38.299999999999997158 38 37.799999999999997158 37.600000000000001421 37.399999999999998579 37.200000000000002842 36.5 35.799999999999997158 35.299999999999997158 34.799999999999997158 34.299999999999997158 33.600000000000001421 33.100000000000001421 32.799999999999997158 32.600000000000001421
36.799999999999997158 37.200000000000002842 37.5 38 38.5 38.899999999999998579 39.799999999999997158 40 40.600000000000001421 41 41.600000000000001421 42.200000000000002842 43 43.600000000000001421 43.799999999999997158 44 44 44 43.899999999999998579 43.799999999999997158 43.700000000000002842 43.600000000000001421 43.5 43.200000000000002842 42.799999999999997158 42.399999999999998579 42.100000000000001421 41.799999999999997158 41.600000000000001421 41.200000000000002842 40.5 39.899999999999998579 39.5 38.899999999999998579 38.600000000000001421 38.299999999999997158 38 37.799999999999997158 37.600000000000001421 37.5 37.200000000000002842 36.799999999999997158 36.200000000000002842 35.600000000000001421 35.100000000000001421 34.5 33.700000000000002842 33.200000000000002842 32.899999999999998579 32.700000000000002842
35.899999999999998579 36.5 36.700000000000002842 37.200000000000002842 37.700000000000002842 38.100000000000001421 39.100000000000001421 39.700000000000002842 40.299999999999997158 41.100000000000001421 41.700000000000002842 42.299999999999997158 42.899999999999998579 43.5 43.700000000000002842 43.899999999999998579 43.899999999999998579 43.899999999999998579 43.899999999999998579 43.799999999999997158 43.700000000000002842 43.600000000000001421 43.399999999999998579 42.899999999999998579 42.700000000000002842 42.200000000000002842 41.899999999999998579 41.600000000000001421 41.5 41 40.5 40 39.600000000000001421 39.200000000000002842 38.799999999999997158 38.299999999999997158 37.899999999999998579 37.799999999999997158 37.600000000000001421 37.5 37.299999999999997158 36.700000000000002842 36.100000000000001421 35.600000000000001421 35.100000000000001421 34.299999999999997158 33.600000000000001421 33.200000000000002842 33 32.799999999999997158
35.600000000000001421 35.600000000000001421 35.799999999999997158 36.399999999999998579 37.700000000000002842 37.5 38.700000000000002842 39.5 40.100000000000001421 41 41.600000000000001421 42 42.799999999999997158 43.399999999999998579 43.700000000000002842 43.700000000000002842 43.799999999999997158 43.799999999999997158 43.799999999999997158 43.700000000000002842 43.600000000000001421 43.600000000000001421 43.399999999999998579 43.100000000000001421 42.600000000000001421 42.100000000000001421 41.799999999999997158 41.600000000000001421 41.299999999999997158 41 40.600000000000001421 40.200000000000002842 39.700000000000002842 39.5 39.100000000000001421 38.5 38.100000000000001421 37.799999999999997158 37.600000000000001421 37.399999999999998579 37.100000000000001421 36.5 36.100000000000001421 35.600000000000001421 35.100000000000001421 34.5 34 33.5 33.299999999999997158 33
35.100000000000001421 35.200000000000002842 35.200000000000002842 35.799999999999997158 36.5 37.100000000000001421 38.100000000000001421 39 40 41.100000000000001421 41.5 41.899999999999998579 42.5 43.100000000000001421 43.5 43.600000000000001421 43.700000000000002842 43.700000000000002842 43.700000000000002842 43.600000000000001421 43.600000000000001421 43.399999999999998579 43.200000000000002842 42.799999999999997158 42.200000000000002842 41.700000000000002842 41.600000000000001421 41.299999999999997158 41.100000000000001421 40.799999999999997158 40.399999999999998579 40.200000000000002842 39.799999999999997158 39.600000000000001421 39.299999999999997158 38.700000000000002842 38.200000000000002842 37.799999999999997158 37.5 37.299999999999997158 36.899999999999998579 36.299999999999997158 35.899999999999998579 35.600000000000001421 35 34.5 34.100000000000001421 33.700000000000002842 33.600000000000001421 33.399999999999998579
34.100000000000001421 34.600000000000001421 35 35.200000000000002842 36 36.700000000000002842 37.5 38.399999999999998579 39.399999999999998579 40.700000000000002842 41.299999999999997158 41.799999999999997158 42.299999999999997158 42.899999999999998579 43.299999999999997158 43.5 43.600000000000001421 43.600000000000001421 43.5 43.5 43.200000000000002842 43 42.799999999999997158 42.299999999999997158 41.799999999999997158 41.399999999999998579 41.200000000000002842 40.899999999999998579 41 40.700000000000002842 40.5 40 39.700000000000002842 39.5 39.5 39 38.299999999999997158 37.799999999999997158 37.600000000000001421 37.299999999999997158 37 36.5 35.899999999999998579 35.5 35 34.700000000000002842 34.399999999999998579 34 34 33.799999999999997158
