h2spatial-ext/src/test/resources/org/h2gis/h2spatialext/function/spatial/raster/chezine.asc
ncols        643
nrows        555
xllcorner    291970.000000000000
yllcorner    2251430.000000000000
cellsize     20.000000000000
[rows 330 to 351 of 555, columns 400 to 449 of 643]
50.200000000000002842 49.399999999999998579 47.100000000000001421 45.899999999999998579 46.299999999999997158 46.100000000000001421 45.5 43.700000000000002842 37.799999999999997158 37.200000000000002842 39.600000000000001421 41.5 40.600000000000001421 40.100000000000001421 39.600000000000001421 38.600000000000001421 38 37.399999999999998579 36.600000000000001421 35.899999999999998579 35.600000000000001421 35.399999999999998579 35.700000000000002842 36.399999999999998579 36.799999999999997158 37.600000000000001421 37.899999999999998579 38.100000000000001421 38.799999999999997158 38.899999999999998579 39 39.200000000000002842 38.899999999999998579 38.600000000000001421 38.200000000000002842 37.700000000000002842 37.200000000000002842 36.399999999999998579 35.600000000000001421 35.399999999999998579 34.5 33.600000000000001421 33.399999999999998579 32.899999999999998579 32.700000000000002842 32.200000000000002842 31.600000000000001421 31.699999999999999289 31.899999999999998579 32.399999999999998579
51.399999999999998579 49.5 49 46 46.100000000000001421 47.5 44.899999999999998579 44.100000000000001421 38.100000000000001421 37.399999999999998579 41.200000000000002842 42.200000000000002842 40.700000000000002842 40.200000000000002842 39.399999999999998579 38.700000000000002842 38.100000000000001421 37.399999999999998579 36.899999999999998579 36.299999999999997158 36.100000000000001421 36.200000000000002842 36.600000000000001421 37.100000000000001421 37.5 38.100000000000001421 38.399999999999998579 38.700000000000002842 39.299999999999997158 39.399999999999998579 39.5 39.5 39.299999999999997158 39 38.600000000000001421 37.899999999999998579 37.200000000000002842 36.700000000000002842 36.200000000000002842 35.600000000000001421 34.799999999999997158 34.399999999999998579 34.299999999999997158 33.799999999999997158 33.5 33.200000000000002842 32.399999999999998579 32.5 32.799999999999997158 32.899999999999998579
52.600000000000001421 50.700000000000002842 49.799999999999997158 48.899999999999998579 45.600000000000001421 45.299999999999997158 44.899999999999998579 44.700000000000002842 38.5 37.700000000000002842 42.399999999999998579 43.100000000000001421 40.799999999999997158 40.200000000000002842 39.600000000000001421 39.200000000000002842 38.5 37.700000000000002842 37.200000000000002842 36.899999999999998579 36.600000000000001421 37 37.200000000000002842 37.700000000000002842 38 38.600000000000001421 39 39.399999999999998579 39.799999999999997158 39.899999999999998579 40 39.899999999999998579 39.600000000000001421 39.200000000000002842 38.899999999999998579 38.200000000000002842 37.399999999999998579 36.600000000000001421 36.799999999999997158 36.100000000000001421 35.600000000000001421 35.5 35.299999999999997158 34.600000000000001421 34.399999999999998579 34.100000000000001421 33.399999999999998579 33.5 33.600000000000001421 33.5
52.600000000000001421 51 49.600000000000001421 48.899999999999998579 48.700000000000002842 45.299999999999997158 44.899999999999998579 45 39.5 38.299999999999997158 43.5 42.899999999999998579 42.799999999999997158 40.200000000000002842 39.799999999999997158 39.200000000000002842 38.600000000000001421 38 37.5 37.299999999999997158 37.399999999999998579 37.700000000000002842 37.799999999999997158 38.399999999999998579 38.799999999999997158 39.200000000000002842 39.700000000000002842 40 40.200000000000002842 40.399999999999998579 40.399999999999998579 40.399999999999998579 40.100000000000001421 39.600000000000001421 39.100000000000001421 38.5 37.799999999999997158 37.700000000000002842 37.5 36.5 36.600000000000001421 36.299999999999997158 35.799999999999997158 35.399999999999998579 35.100000000000001421 34.899999999999998579 34.299999999999997158 34.299999999999997158 34 34.100000000000001421
52.899999999999998579 51.600000000000001421 50.200000000000002842 48.899999999999998579 48.299999999999997158 48.100000000000001421 44.5 44.700000000000002842 39.799999999999997158 44.600000000000001421 44.5 44.200000000000002842 44.100000000000001421 43.100000000000001421 39.399999999999998579 38.899999999999998579 38.700000000000002842 38.200000000000002842 38 37.799999999999997158 38.299999999999997158 38.399999999999998579 38.600000000000001421 39.200000000000002842 39.5 39.700000000000002842 40.200000000000002842 40.399999999999998579 40.5 40.700000000000002842 40.700000000000002842 40.700000000000002842 40.299999999999997158 39.799999999999997158 39.299999999999997158 38.799999999999997158 38.100000000000001421 38.100000000000001421 37.899999999999998579 37.399999999999998579 37.5 37 36.5 36.200000000000002842 35.899999999999998579 35.399999999999998579 34.899999999999998579 34.899999999999998579 34.5 34.700000000000002842
52.700000000000002842 51.700000000000002842 50.600000000000001421 49.200000000000002842 47.799999999999997158 46.600000000000001421 45.399999999999998579 43.700000000000002842 40.299999999999997158 39.399999999999998579 43.799999999999997158 44.200000000000002842 43.799999999999997158 44 43 39.100000000000001421 38.799999999999997158 38.5 38.299999999999997158 38.5 39.200000000000002842 39.200000000000002842 39.5 39.899999999999998579 40.200000000000002842 40.299999999999997158 40.700000000000002842 40.799999999999997158 40.899999999999998579 41.100000000000001421 41 41 40.600000000000001421 40 39.5 39.100000000000001421 38.399999999999998579 38.5 38.5 38.200000000000002842 38.100000000000001421 37.700000000000002842 37.100000000000001421 36.700000000000002842 36.399999999999998579 36.100000000000001421 35.600000000000001421 35.600000000000001421 35.200000000000002842 35.5
52.700000000000002842 51.5 50.299999999999997158 49.100000000000001421 47.899999999999998579 46.5 47.299999999999997158 42.799999999999997158 40.899999999999998579 39.799999999999997158 43.5 44 43.700000000000002842 43.299999999999997158 43.5 40.399999999999998579 39.299999999999997158 39.100000000000001421 38.899999999999998579 38.799999999999997158 39.299999999999997158 39.899999999999998579 40.200000000000002842 40.5 40.799999999999997158 41 41.100000000000001421 41.200000000000002842 41.399999999999998579 41.600000000000001421 41.399999999999998579 41.299999999999997158 40.799999999999997158 40.100000000000001421 39.799999999999997158 39.600000000000001421 39 39.100000000000001421 39.100000000000001421 38.899999999999998579 38.399999999999998579 38.100000000000001421 37.700000000000002842 37.299999999999997158 36.799999999999997158 36.799999999999997158 36.5 36.299999999999997158 36.200000000000002842 36.600000000000001421
52.799999999999997158 51.399999999999998579 50.200000000000002842 49 47.899999999999998579 46.799999999999997158 45.700000000000002842 45.100000000000001421 41.200000000000002842 40.5 42.899999999999998579 43.600000000000001421 42.399999999999998579 40.899999999999998579 41.299999999999997158 42.5 42 40.299999999999997158 39.299999999999997158 39.100000000000001421 39.700000000000002842 40.299999999999997158 40.799999999999997158 41.200000000000002842 41.5 41.5 41.799999999999997158 41.700000000000002842 41.899999999999998579 42.100000000000001421 41.899999999999998579 41.700000000000002842 41.299999999999997158 40.700000000000002842 40.200000000000002842 40 39.700000000000002842 39.799999999999997158 39.600000000000001421 39.299999999999997158 38.799999999999997158 38.5 38.100000000000001421 37.700000000000002842 37.299999999999997158 37.399999999999998579 37.200000000000002842 37.200000000000002842 37.100000000000001421 37.200000000000002842
52.399999999999998579 51 50 49 47.799999999999997158 46.600000000000001421 45.600000000000001421 46.799999999999997158 41.600000000000001421 40.799999999999997158 41.399999999999998579 42.700000000000002842 42 41.700000000000002842 41.299999999999997158 40.5 40.100000000000001421 41.799999999999997158 41.600000000000001421 40.700000000000002842 40.600000000000001421 41.299999999999997158 41.700000000000002842 41.799999999999997158 42 42.100000000000001421 42.399999999999998579 42.5 42.600000000000001421 42.600000000000001421 42.5 42.100000000000001421 41.700000000000002842 41.100000000000001421 40.700000000000002842 40.5 40.399999999999998579 40.5 40.100000000000001421 39.799999999999997158 39.399999999999998579 39 38.5 38.100000000000001421 37.899999999999998579 37.899999999999998579 37.799999999999997158 37.799999999999997158 37.700000000000002842 37.5
52.700000000000002842 51.299999999999997158 50.200000000000002842 49.100000000000001421 47.899999999999998579 46.899999999999998579 45.899999999999998579 44.899999999999998579 43.700000000000002842 40.899999999999998579 40.600000000000001421 42.899999999999998579 42.799999999999997158 42.799999999999997158 42.799999999999997158 42.700000000000002842 41.399999999999998579 40.200000000000002842 39.5 41.399999999999998579 41.399999999999998579 41.700000000000002842 42 42.5 42.799999999999997158 42.799999999999997158 42.799999999999997158 43.200000000000002842 43.299999999999997158 43.200000000000002842 43.100000000000001421 42.600000000000001421 42.299999999999997158 41.600000000000001421 41.100000000000001421 40.799999999999997158 40.700000000000002842 40.799999999999997158 40.700000000000002842 40.299999999999997158 40 39.299999999999997158 39.100000000000001421 38.799999999999997158 38.600000000000001421 38.5 38.299999999999997158 38.299999999999997158 38 37.700000000000002842
52.899999999999998579 51.799999999999997158 50.799999999999997158 49.5 48.100000000000001421 47.200000000000002842 46.399999999999998579 45.5 46.200000000000002842 41.399999999999998579 41.200000000000002842 42.399999999999998579 43.299999999999997158 43 42.799999999999997158 42.799999999999997158 42.600000000000001421 41.600000000000001421 40.5 42 42.200000000000002842 41.600000000000001421 42.200000000000002842 42.700000000000002842 43.200000000000002842 43.600000000000001421 43.700000000000002842 43.899999999999998579 44.100000000000001421 43.799999999999997158 43.700000000000002842 42.5 41.799999999999997158 41.700000000000002842 41.399999999999998579 41.5 41.600000000000001421 41.5 41.100000000000001421 40.799999999999997158 40.600000000000001421 39.799999999999997158 39.600000000000001421 39.299999999999997158 39.200000000000002842 39.100000000000001421 38.799999999999997158 38.5 38 37.5
53.399999999999998579 52.100000000000001421 50.899999999999998579 49.799999999999997158 48.700000000000002842 47.600000000000001421 46.700000000000002842 45.899999999999998579 45.200000000000002842 42.799999999999997158 41.799999999999997158 42 44.399999999999998579 43.5 43.100000000000001421 42.799999999999997158 42.700000000000002842 42.399999999999998579 42.200000000000002842 42.200000000000002842 42.700000000000002842 43.600000000000001421 43.200000000000002842 42.700000000000002842 43.299999999999997158 43.899999999999998579 44.600000000000001421 44.700000000000002842 44.600000000000001421 44 43.5 42.700000000000002842 42.100000000000001421 42.100000000000001421 42.200000000000002842 42.299999999999997158 42 42 41.700000000000002842 41.200000000000002842 40.899999999999998579 40.399999999999998579 40.100000000000001421 39.799999999999997158 39.600000000000001421 39.5 39.100000000000001421 38.5 37.799999999999997158 37.299999999999997158
53.899999999999998579 52.600000000000001421 51.299999999999997158 50.299999999999997158 49.5 48.200000000000002842 47 46.399999999999998579 46.100000000000001421 45.5 42.5 42.200000000000002842 46.100000000000001421 44.200000000000002842 43.799999999999997158 43.200000000000002842 42.799999999999997158 42.299999999999997158 42.100000000000001421 42.299999999999997158 42.5 42.700000000000002842 43.799999999999997158 44.700000000000002842 44.399999999999998579 44.299999999999997158 44.600000000000001421 44.600000000000001421 44.299999999999997158 43.700000000000002842 43.399999999999998579 43.5 42.899999999999998579 43 43 42.899999999999998579 42.5 42.399999999999998579 42 41.5 41.100000000000001421 40.700000000000002842 40.299999999999997158 40.299999999999997158 40 39.299999999999997158 39.200000000000002842 38.600000000000001421 37.899999999999998579 37
54.100000000000001421 52.799999999999997158 51.899999999999998579 51.100000000000001421 49.899999999999998579 48.799999999999997158 47.799999999999997158 47.100000000000001421 47.100000000000001421 48.200000000000002842 43.299999999999997158 43 44.799999999999997158 44.799999999999997158 44.5 43.700000000000002842 43.299999999999997158 42.600000000000001421 42.200000000000002842 42.5 42.799999999999997158 43.299999999999997158 44 44.399999999999998579 45.100000000000001421 45.600000000000001421 45.899999999999998579 46.299999999999997158 45.5 45.799999999999997158 45.299999999999997158 44.5 43.899999999999998579 43.700000000000002842 43.399999999999998579 43.299999999999997158 43 42.899999999999998579 42.299999999999997158 41.799999999999997158 41.399999999999998579 40.899999999999998579 40.600000000000001421 40.399999999999998579 40.200000000000002842 39.799999999999997158 39.399999999999998579 38.700000000000002842 37.799999999999997158 36.899999999999998579
54.700000000000002842 53.5 52.600000000000001421 51.700000000000002842 50.399999999999998579 49.299999999999997158 48.799999999999997158 48.200000000000002842 48.799999999999997158 47.899999999999998579 46 43.5 43.299999999999997158 46.5 45 44.5 43.899999999999998579 43.200000000000002842 42.799999999999997158 43.200000000000002842 43.399999999999998579 44.100000000000001421 44.5 45 45.700000000000002842 46.399999999999998579 46.600000000000001421 47 46.700000000000002842 46.399999999999998579 46 45.399999999999998579 45.299999999999997158 44.5 43.899999999999998579 43.899999999999998579 43.5 43.100000000000001421 42.600000000000001421 42.100000000000001421 41.600000000000001421 41.200000000000002842 41 40.700000000000002842 40.299999999999997158 39.899999999999998579 39.5 38.799999999999997158 38.200000000000002842 37.5
55 54.200000000000002842 53.299999999999997158 52.100000000000001421 51 50.100000000000001421 49.799999999999997158 49.5 49.700000000000002842 49.299999999999997158 49.600000000000001421 43.799999999999997158 43.700000000000002842 46.700000000000002842 45.799999999999997158 45.299999999999997158 44.700000000000002842 43.899999999999998579 43.700000000000002842 44.100000000000001421 44.299999999999997158 44.899999999999998579 45.399999999999998579 46 46.5 46.899999999999998579 47.299999999999997158 47.5 47.399999999999998579 47 46.799999999999997158 46.200000000000002842 45.899999999999998579 45.399999999999998579 44.299999999999997158 44.100000000000001421 43.899999999999998579 43.299999999999997158 42.899999999999998579 42.399999999999998579 41.899999999999998579 41.5 41.100000000000001421 40.700000000000002842 40.299999999999997158 39.899999999999998579 39.5 38.899999999999998579 38.100000000000001421 37.5
55.5 54.799999999999997158 53.899999999999998579 52.899999999999998579 52 51.100000000000001421 51 50.899999999999998579 50.700000000000002842 50.700000000000002842 49.899999999999998579 46.299999999999997158 44.100000000000001421 44.399999999999998579 47.399999999999998579 46 45.5 44.799999999999997158 44.5 44.799999999999997158 45.100000000000001421 45.600000000000001421 46.200000000000002842 46.700000000000002842 47.100000000000001421 47.399999999999998579 48.100000000000001421 48.200000000000002842 48 47.600000000000001421 47.5 47 46.5 45.899999999999998579 44.899999999999998579 44.299999999999997158 44.200000000000002842 43.700000000000002842 43 43 42.5 41.799999999999997158 41.200000000000002842 40.700000000000002842 40.399999999999998579 39.899999999999998579 39.5 39 38.299999999999997158 37.700000000000002842
55.5 55 54.200000000000002842 53.200000000000002842 52.399999999999998579 52 51.899999999999998579 52 51.799999999999997158 51.700000000000002842 51.200000000000002842 50.600000000000001421 44.5 44.5 48 46.600000000000001421 45.899999999999998579 45.5 45.299999999999997158 45.5 45.799999999999997158 46.399999999999998579 46.899999999999998579 47.299999999999997158 47.799999999999997158 48.299999999999997158 48.700000000000002842 48.799999999999997158 48.799999999999997158 48.700000000000002842 48.5 47.899999999999998579 47.399999999999998579 46.5 45.5 44.5 44.399999999999998579 43.700000000000002842 43.100000000000001421 42.600000000000001421 42.399999999999998579 42.200000000000002842 41.600000000000001421 40.799999999999997158 40.200000000000002842 39.799999999999997158 39.399999999999998579 38.899999999999998579 38.399999999999998579 37.799999999999997158
55.799999999999997158 55.5 55 54.200000000000002842 53.399999999999998579 53.100000000000001421 53 52.899999999999998579 52.899999999999998579 52.299999999999997158 51.899999999999998579 51.200000000000002842 47.700000000000002842 44.899999999999998579 45 48 46.600000000000001421 46.200000000000002842 46.100000000000001421 46.200000000000002842 46.399999999999998579 47 47.299999999999997158 47.799999999999997158 48.399999999999998579 49 49.299999999999997158 49.5 49.799999999999997158 50.299999999999997158 50 48.700000000000002842 47.899999999999998579 47 46 44.799999999999997158 44.399999999999998579 43.700000000000002842 43.200000000000002842 42.700000000000002842 42.200000000000002842 41.899999999999998579 41.700000000000002842 41.5 40.799999999999997158 39.899999999999998579 39.5 39 38.399999999999998579 37.700000000000002842
55.899999999999998579 55.799999999999997158 55.5 55.200000000000002842 54.600000000000001421 54.200000000000002842 54.200000000000002842 54.100000000000001421 54.100000000000001421 53.200000000000002842 52.700000000000002842 52.299999999999997158 52.399999999999998579 45.299999999999997158 45.5 48.600000000000001421 47.299999999999997158 46.600000000000001421 46.700000000000002842 46.899999999999998579 47.100000000000001421 47.5 47.700000000000002842 48.299999999999997158 49 49.5 50 50.5 51 51.600000000000001421 50.799999999999997158 49.600000000000001421 48.700000000000002842 47.399999999999998579 46.299999999999997158 45.299999999999997158 44.399999999999998579 43.5 43.100000000000001421 42.700000000000002842 42.100000000000001421 41.700000000000002842 41.200000000000002842 41.200000000000002842 41.100000000000001421 40.600000000000001421 39.899999999999998579 39.100000000000001421 38.5 37.600000000000001421
55.899999999999998579 55.899999999999998579 55.899999999999998579 56 55.600000000000001421 55.5 55.299999999999997158 55 55 54 53.100000000000001421 52.600000000000001421 51.200000000000002842 49.600000000000001421 45.799999999999997158 45.899999999999998579 48.5 47.5 47.100000000000001421 47.399999999999998579 47.5 47.899999999999998579 48.299999999999997158 48.899999999999998579 49.799999999999997158 50.200000000000002842 51 51.899999999999998579 52.100000000000001421 52.899999999999998579 51.299999999999997158 50 48.600000000000001421 47.399999999999998579 46.299999999999997158 45.299999999999997158 44.299999999999997158 43.5 42.899999999999998579 42.299999999999997158 42.200000000000002842 41.5 41.100000000000001421 40.799999999999997158 40.5 40.399999999999998579 40.399999999999998579 39.399999999999998579 38.200000000000002842 37.399999999999998579
55.899999999999998579 56.200000000000002842 56.399999999999998579 56.700000000000002842 56.399999999999998579 56.600000000000001421 56.299999999999997158 56 55.700000000000002842 55 53.799999999999997158 52.799999999999997158 52.100000000000001421 51.5 47.100000000000001421 46.200000000000002842 48.100000000000001421 47.700000000000002842 47.399999999999998579 47.5 47.600000000000001421 47.899999999999998579 48.5 49.299999999999997158 50.299999999999997158 51 52.200000000000002842 53.100000000000001421 53.299999999999997158 53.399999999999998579 51.5 50.200000000000002842 48.700000000000002842 47.5 46.299999999999997158 45.200000000000002842 44.200000000000002842 43.299999999999997158 42.700000000000002842 42.399999999999998579 42.200000000000002842 41.700000000000002842 41.200000000000002842 40.5 39.899999999999998579 39.899999999999998579 39.700000000000002842 38.600000000000001421 38 37.100000000000001421
