h2spatial-ext/src/test/resources/org/h2gis/h2spatialext/function/spatial/raster/chezine.asc
ncols        643
nrows        555
xllcorner    291970.000000000000
yllcorner    2251430.000000000000
cellsize     20.000000000000
[rows 286 to 307 of 555, columns 550 to 599 of 643]
39.600000000000001421 39.299999999999997158 39.299999999999997158 39.200000000000002842 38.899999999999998579 38.799999999999997158 38.799999999999997158 38.600000000000001421 38.5 38.5 38.799999999999997158 38.899999999999998579 39 38.700000000000002842 37.700000000000002842 36.799999999999997158 36 35.200000000000002842 34.399999999999998579 33.399999999999998579 32.600000000000001421 31.699999999999999289 30.699999999999999289 30.199999999999999289 29.100000000000001421 27.800000000000000711 26.300000000000000711 23.399999999999998579 21.199999999999999289 18.600000000000001421 17.300000000000000711 18.399999999999998579 20.699999999999999289 21 19.100000000000001421 19.600000000000001421 20.399999999999998579 23.199999999999999289 25.899999999999998579 27.399999999999998579 28.300000000000000711 28.399999999999998579 28.100000000000001421 27.899999999999998579 27.800000000000000711 27.100000000000001421 26.800000000000000711 25.199999999999999289 22.399999999999998579 21
40.299999999999997158 40 39.700000000000002842 39.5 39.299999999999997158 39.200000000000002842 39.299999999999997158 39.100000000000001421 38.799999999999997158 38.299999999999997158 38.5 38.700000000000002842 38.700000000000002842 38.299999999999997158 37.399999999999998579 36.600000000000001421 35.799999999999997158 34.700000000000002842 33.700000000000002842 32.5 31.600000000000001421 31 29.899999999999998579 29.199999999999999289 27.800000000000000711 26.5 24.800000000000000711 21.800000000000000711 22.800000000000000711 22.199999999999999289 24.100000000000001421 23.600000000000001421 23.5 23.199999999999999289 21.699999999999999289 21.899999999999998579 22.100000000000001421 24.5 27.199999999999999289 28.600000000000001421 29.5 29.600000000000001421 29.399999999999998579 29.100000000000001421 29 28.300000000000000711 28.600000000000001421 27.600000000000001421 24.5 21.399999999999998579
40.700000000000002842 40.600000000000001421 40.200000000000002842 39.799999999999997158 39.5 39.5 39.5 39.399999999999998579 39 38.399999999999998579 38.399999999999998579 38.5 38.399999999999998579 38 37.299999999999997158 36.5 35.5 34.5 33.200000000000002842 32.100000000000001421 31 30.199999999999999289 29 28.300000000000000711 26.800000000000000711 25.100000000000001421 25.399999999999998579 26.100000000000001421 26.399999999999998579 27.100000000000001421 26.899999999999998579 25.800000000000000711 25.399999999999998579 24.899999999999998579 23.899999999999998579 23.800000000000000711 24.300000000000000711 26.699999999999999289 28.899999999999998579 29.5 30.199999999999999289 30.300000000000000711 30.100000000000001421 29.899999999999998579 29.899999999999998579 29.399999999999998579 29.100000000000001421 28.399999999999998579 26.899999999999998579 23.699999999999999289
41 40.899999999999998579 40.600000000000001421 40.200000000000002842 39.700000000000002842 39.600000000000001421 39.600000000000001421 39.5 39.100000000000001421 38.399999999999998579 38.399999999999998579 38.299999999999997158 37.899999999999998579 37.600000000000001421 36.799999999999997158 35.899999999999998579 34.899999999999998579 33.700000000000002842 32.399999999999998579 31.600000000000001421 30.399999999999998579 29.399999999999998579 28.600000000000001421 27.899999999999998579 26.5 26.199999999999999289 27.699999999999999289 28.600000000000001421 28.699999999999999289 28.899999999999998579 28.899999999999998579 27.899999999999998579 27.199999999999999289 26.5 25.5 25.800000000000000711 26.600000000000001421 28.5 29.800000000000000711 30.399999999999998579 30.800000000000000711 30.899999999999998579 30.800000000000000711 30.600000000000001421 30.300000000000000711 30 29.600000000000001421 29 27.800000000000000711 25.5
41.200000000000002842 41 40.700000000000002842 40.200000000000002842 39.799999999999997158 39.600000000000001421 39.5 39.299999999999997158 38.899999999999998579 38.200000000000002842 38.100000000000001421 37.899999999999998579 37.600000000000001421 37.299999999999997158 36.5 35.700000000000002842 34.700000000000002842 33.5 32.399999999999998579 30.800000000000000711 29.600000000000001421 28.800000000000000711 28.300000000000000711 27.800000000000000711 28 29.399999999999998579 29.699999999999999289 30.100000000000001421 30.300000000000000711 30.100000000000001421 30 29.199999999999999289 28.399999999999998579 27.899999999999998579 27.100000000000001421 28.100000000000001421 29.199999999999999289 30.100000000000001421 30.800000000000000711 31.100000000000001421 31.399999999999998579 31.399999999999998579 31.300000000000000711 31.199999999999999289 30.699999999999999289 30.300000000000000711 29.899999999999998579 29.399999999999998579 28.300000000000000711 27.199999999999999289
41.399999999999998579 41.200000000000002842 40.799999999999997158 40.399999999999998579 39.899999999999998579 39.5 39.299999999999997158 38.899999999999998579 38.600000000000001421 38 37.799999999999997158 37.600000000000001421 37.299999999999997158 36.799999999999997158 35.899999999999998579 35.399999999999998579 34.200000000000002842 32.799999999999997158 31.600000000000001421 30.300000000000000711 29.800000000000000711 29.199999999999999289 28.899999999999998579 28.800000000000000711 29.600000000000001421 30.399999999999998579 31 31.199999999999999289 31.600000000000001421 31.199999999999999289 30.800000000000000711 30.5 29.800000000000000711 29.300000000000000711 28.899999999999998579 30.100000000000001421 30.5 31.100000000000001421 31.600000000000001421 31.699999999999999289 32.200000000000002842 32.100000000000001421 31.800000000000000711 31.699999999999999289 31.199999999999999289 30.699999999999999289 30 29.199999999999999289 27.899999999999998579 26.5
41.600000000000001421 41.299999999999997158 40.799999999999997158 40.299999999999997158 39.700000000000002842 39.200000000000002842 39 38.399999999999998579 38.100000000000001421 37.700000000000002842 37.5 37.399999999999998579 37 36.399999999999998579 35.600000000000001421 34.600000000000001421 33.200000000000002842 32 30.800000000000000711 30.199999999999999289 30 29.600000000000001421 29.699999999999999289 29.800000000000000711 30.699999999999999289 31.699999999999999289 32.299999999999997158 32.200000000000002842 32.600000000000001421 32.200000000000002842 31.600000000000001421 31.399999999999998579 30.800000000000000711 30.600000000000001421 30.399999999999998579 31.100000000000001421 31.399999999999998579 32 32.399999999999998579 32.399999999999998579 32.5 32.5 32.399999999999998579 32 31.5 30.899999999999998579 30 28.899999999999998579 27.800000000000000711 26.899999999999998579
41.600000000000001421 41.299999999999997158 40.700000000000002842 40.100000000000001421 39.600000000000001421 39.100000000000001421 38.5 37.899999999999998579 37.700000000000002842 37.5 37.299999999999997158 37 36.600000000000001421 36.100000000000001421 35.399999999999998579 34.200000000000002842 33.100000000000001421 32.299999999999997158 31.600000000000001421 31.100000000000001421 30.800000000000000711 30.300000000000000711 30.600000000000001421 30.699999999999999289 31.800000000000000711 32.600000000000001421 33.100000000000001421 33.200000000000002842 33.5 33.100000000000001421 32.700000000000002842 32.200000000000002842 31.800000000000000711 31.699999999999999289 31.399999999999998579 31.699999999999999289 32.200000000000002842 32.5 32.5 32.600000000000001421 32.700000000000002842 32.600000000000001421 32.5 32.100000000000001421 31.5 30.5 29.300000000000000711 28.300000000000000711 27.199999999999999289 26.699999999999999289
41.700000000000002842 41.399999999999998579 40.700000000000002842 40 39.399999999999998579 38.799999999999997158 38.200000000000002842 37.700000000000002842 37.5 37.299999999999997158 37 36.700000000000002842 36.5 36 35.399999999999998579 34.5 33.700000000000002842 32.899999999999998579 32.700000000000002842 32.200000000000002842 32 31.399999999999998579 31.5 31.800000000000000711 32.700000000000002842 33.5 34 34 34.299999999999997158 34 33.700000000000002842 33.100000000000001421 32.700000000000002842 32.600000000000001421 32.200000000000002842 32.399999999999998579 32.600000000000001421 32.700000000000002842 32.700000000000002842 32.600000000000001421 32.600000000000001421 32.600000000000001421 32.5 32 31.300000000000000711 29.899999999999998579 28.600000000000001421 27.600000000000001421 26.600000000000001421 26.5
41.700000000000002842 41.399999999999998579 40.799999999999997158 40.100000000000001421 39.5 38.899999999999998579 38.399999999999998579 37.899999999999998579 37.600000000000001421 37.200000000000002842 36.799999999999997158 36.799999999999997158 36.799999999999997158 36.299999999999997158 35.899999999999998579 35.299999999999997158 34.700000000000002842 34.100000000000001421 33.700000000000002842 33.299999999999997158 32.700000000000002842 32.100000000000001421 32.200000000000002842 32.600000000000001421 33.5 34.200000000000002842 34.200000000000002842 34.600000000000001421 34.899999999999998579 34.600000000000001421 34.399999999999998579 33.899999999999998579 33.5 33.399999999999998579 33 33.200000000000002842 33.100000000000001421 33 32.799999999999997158 32.700000000000002842 32.700000000000002842 32.799999999999997158 32.399999999999998579 31.699999999999999289 30.699999999999999289 29.100000000000001421 27.899999999999998579 27 26.600000000000001421 26.800000000000000711
41.899999999999998579 41.5 40.799999999999997158 40.200000000000002842 39.700000000000002842 39.299999999999997158 38.799999999999997158 38.100000000000001421 37.799999999999997158 37.5 37.100000000000001421 37 37.100000000000001421 36.700000000000002842 36.299999999999997158 35.799999999999997158 35.5 35.100000000000001421 34.5 34.299999999999997158 33.799999999999997158 33.100000000000001421 33.200000000000002842 33.799999999999997158 34.100000000000001421 34.399999999999998579 34.799999999999997158 35.200000000000002842 35.5 35.299999999999997158 35.299999999999997158 34.899999999999998579 34.5 34.100000000000001421 33.700000000000002842 33.899999999999998579 33.700000000000002842 33.600000000000001421 33.299999999999997158 33.100000000000001421 33 32.700000000000002842 32.299999999999997158 31.5 30.100000000000001421 29 28.399999999999998579 28 27.800000000000000711 27.699999999999999289
42.100000000000001421 41.799999999999997158 41.200000000000002842 40.600000000000001421 39.899999999999998579 39.5 39.200000000000002842 38.5 38.100000000000001421 37.700000000000002842 37.299999999999997158 37.299999999999997158 37.399999999999998579 37.200000000000002842 36.899999999999998579 36.299999999999997158 36 35.600000000000001421 35 34.799999999999997158 34.399999999999998579 33.899999999999998579 34.100000000000001421 34.600000000000001421 34.600000000000001421 35.100000000000001421 35.399999999999998579 35.700000000000002842 36.100000000000001421 36.200000000000002842 36.299999999999997158 35.799999999999997158 35.5 35.100000000000001421 34.700000000000002842 34.700000000000002842 34.399999999999998579 34.299999999999997158 33.899999999999998579 33.600000000000001421 33.299999999999997158 33 32.399999999999998579 31.199999999999999289 30.100000000000001421 29.699999999999999289 29.300000000000000711 29.399999999999998579 29.399999999999998579 29
42.399999999999998579 41.5 41.600000000000001421 41.100000000000001421 40.299999999999997158 39.700000000000002842 39.5 39 38.5 38.200000000000002842 37.799999999999997158 37.700000000000002842 37.700000000000002842 37.700000000000002842 37.5 37.100000000000001421 36.600000000000001421 36.100000000000001421 35.600000000000001421 35.299999999999997158 35.100000000000001421 34.799999999999997158 34.899999999999998579 35.299999999999997158 35.399999999999998579 35.799999999999997158 36 36.5 37 37.100000000000001421 37.200000000000002842 36.799999999999997158 36.299999999999997158 36.100000000000001421 35.700000000000002842 35.5 35.100000000000001421 34.899999999999998579 34.700000000000002842 34.200000000000002842 33.799999999999997158 33.100000000000001421 32.299999999999997158 31.600000000000001421 31.100000000000001421 30.899999999999998579 30.600000000000001421 30.800000000000000711 31.199999999999999289 30.699999999999999289
42.700000000000002842 42.299999999999997158 41.799999999999997158 41.299999999999997158 40.5 39.899999999999998579 39.700000000000002842 39.299999999999997158 39.200000000000002842 38.700000000000002842 38.299999999999997158 38.200000000000002842 38.100000000000001421 38.200000000000002842 38 37.600000000000001421 37 36.200000000000002842 36.100000000000001421 36 35.899999999999998579 36 35.899999999999998579 36.299999999999997158 36.399999999999998579 36.700000000000002842 37 37.399999999999998579 37.899999999999998579 38 38.100000000000001421 37.799999999999997158 37.399999999999998579 37 36.600000000000001421 36.299999999999997158 35.899999999999998579 35.5 35.200000000000002842 34.799999999999997158 34.299999999999997158 33.600000000000001421 32.899999999999998579 32.600000000000001421 32.200000000000002842 32.100000000000001421 32 32.200000000000002842 32.399999999999998579 32.5
43.399999999999998579 43 42.299999999999997158 42 41.299999999999997158 40.600000000000001421 40.399999999999998579 40 40 39.600000000000001421 39.200000000000002842 38.899999999999998579 38.700000000000002842 39 38.700000000000002842 38.399999999999998579 37.799999999999997158 36.600000000000001421 36.799999999999997158 36.799999999999997158 37 37.299999999999997158 37.200000000000002842 37.600000000000001421 37.399999999999998579 37.700000000000002842 38 38.200000000000002842 38.799999999999997158 39 39 38.700000000000002842 38 37.600000000000001421 37.299999999999997158 36.799999999999997158 36.5 35.899999999999998579 35.399999999999998579 35 34.600000000000001421 34 33.700000000000002842 33.200000000000002842 33.100000000000001421 33.100000000000001421 33.200000000000002842 33.5 33.5 33.799999999999997158
43.799999999999997158 43.600000000000001421 42.899999999999998579 42.299999999999997158 41.799999999999997158 41.299999999999997158 41.100000000000001421 40.799999999999997158 40.600000000000001421 40.399999999999998579 40 39.899999999999998579 39.600000000000001421 39.600000000000001421 39.299999999999997158 39.200000000000002842 39.5 37.899999999999998579 37.399999999999998579 37.5 37.799999999999997158 38.200000000000002842 38.200000000000002842 38.399999999999998579 38.299999999999997158 38.5 39 39.299999999999997158 39.899999999999998579 39.899999999999998579 39.600000000000001421 39.299999999999997158 38.700000000000002842 38.399999999999998579 38 37.399999999999998579 37 36.399999999999998579 35.799999999999997158 35.5 35.200000000000002842 34.700000000000002842 34.5 34.100000000000001421 33.899999999999998579 34.100000000000001421 34.399999999999998579 34.5 34.399999999999998579 34.5
44.399999999999998579 44 43.399999999999998579 42.799999999999997158 42.100000000000001421 41.899999999999998579 41.799999999999997158 41.399999999999998579 41.5 41.200000000000002842 40.899999999999998579 41 40.600000000000001421 40.399999999999998579 40 39.899999999999998579 39.700000000000002842 39 38.700000000000002842 38.399999999999998579 38.700000000000002842 39 38.899999999999998579 39 39 39.5 40 40.5 40.700000000000002842 40.5 40.100000000000001421 39.899999999999998579 39.299999999999997158 38.799999999999997158 38.299999999999997158 37.700000000000002842 37.399999999999998579 36.799999999999997158 36.299999999999997158 35.899999999999998579 35.600000000000001421 35.200000000000002842 35.200000000000002842 35.100000000000001421 34.799999999999997158 34.799999999999997158 35.100000000000001421 35 35.100000000000001421 35.100000000000001421
44.600000000000001421 44.200000000000002842 43.700000000000002842 43.299999999999997158 42.799999999999997158 42.600000000000001421 42.399999999999998579 42.299999999999997158 41.899999999999998579 41.700000000000002842 41.799999999999997158 41.899999999999998579 41.5 41.299999999999997158 41 40.600000000000001421 40.299999999999997158 39.899999999999998579 39.600000000000001421 39.5 39.600000000000001421 39.700000000000002842 39.5 39.700000000000002842 40 40.299999999999997158 40.700000000000002842 41.200000000000002842 41.299999999999997158 41 40.600000000000001421 40.299999999999997158 39.600000000000001421 39.100000000000001421 38.700000000000002842 38.100000000000001421 37.600000000000001421 37.200000000000002842 36.799999999999997158 36.5 36.200000000000002842 35.799999999999997158 35.799999999999997158 36 35.799999999999997158 35.700000000000002842 35.700000000000002842 35.600000000000001421 35.700000000000002842 35.700000000000002842
44.799999999999997158 44.399999999999998579 43.899999999999998579 43.799999999999997158 43.5 43.299999999999997158 43.200000000000002842 43.100000000000001421 42.799999999999997158 42.600000000000001421 42.299999999999997158 42.100000000000001421 42.200000000000002842 42.100000000000001421 41.600000000000001421 41.200000000000002842 40.700000000000002842 40.399999999999998579 40.5 40.5 40.5 40.600000000000001421 40.299999999999997158 40.799999999999997158 41 41.100000000000001421 41.399999999999998579 41.600000000000001421 41.600000000000001421 41.5 41.100000000000001421 40.799999999999997158 40.299999999999997158 39.5 38.899999999999998579 38.200000000000002842 37.700000000000002842 37.399999999999998579 37.200000000000002842 37.100000000000001421 36.899999999999998579 36.600000000000001421 36.5 36.700000000000002842 36.600000000000001421 36.399999999999998579 36.299999999999997158 36.100000000000001421 36.200000000000002842 36.100000000000001421
45.200000000000002842 44.899999999999998579 44.600000000000001421 44.700000000000002842 44.399999999999998579 44.100000000000001421 43.700000000000002842 43.600000000000001421 43.700000000000002842 43.299999999999997158 43.100000000000001421 42.899999999999998579 42.600000000000001421 42.399999999999998579 42.299999999999997158 41.899999999999998579 41.5 41.200000000000002842 41.5 41.299999999999997158 41.600000000000001421 41.5 41.399999999999998579 41.899999999999998579 41.700000000000002842 41.700000000000002842 41.700000000000002842 41.799999999999997158 41.899999999999998579 41.799999999999997158 41.600000000000001421 41.200000000000002842 40.799999999999997158 39.899999999999998579 39.399999999999998579 38.700000000000002842 38.200000000000002842 37.799999999999997158 37.600000000000001421 37.700000000000002842 37.5 37.200000000000002842 37.100000000000001421 37.200000000000002842 37 37 36.799999999999997158 36.700000000000002842 36.600000000000001421 36.5
45.5 45.399999999999998579 45.299999999999997158 45.299999999999997158 45.100000000000001421 44.899999999999998579 44.799999999999997158 44.299999999999997158 44 43.899999999999998579 43.700000000000002842 43.700000000000002842 43.600000000000001421 43.5 43.100000000000001421 42.600000000000001421 42.399999999999998579 42.100000000000001421 42.200000000000002842 42.100000000000001421 42.200000000000002842 42.399999999999998579 42.299999999999997158 42.5 42.399999999999998579 42.299999999999997158 42.299999999999997158 42.200000000000002842 42.100000000000001421 42.200000000000002842 41.899999999999998579 41.600000000000001421 41.200000000000002842 40.399999999999998579 39.799999999999997158 39.100000000000001421 38.799999999999997158 38.5 38.100000000000001421 38.299999999999997158 38.100000000000001421 37.899999999999998579 37.700000000000002842 37.799999999999997158 37.5 37.600000000000001421 37.5 37.200000000000002842 37.100000000000001421 36.899999999999998579
45.799999999999997158 45.700000000000002842 45.600000000000001421 45.600000000000001421 45.5 45.5 45.399999999999998579 45.200000000000002842 44.899999999999998579 44.600000000000001421 44.200000000000002842 44.200000000000002842 44 44 43.5 43.200000000000002842 43.200000000000002842 43 42.899999999999998579 42.799999999999997158 42.799999999999997158 43.100000000000001421 43.100000000000001421 43.100000000000001421 42.899999999999998579 42.899999999999998579 43 42.700000000000002842 42.600000000000001421 42.399999999999998579 42 41.799999999999997158 41.5 40.899999999999998579 40.299999999999997158 39.600000000000001421 39.399999999999998579 39.100000000000001421 38.799999999999997158 38.799999999999997158 38.799999999999997158 38.5 38.399999999999998579 38.5 38.200000000000002842 38.100000000000001421 38 37.700000000000002842 37.5 37.200000000000002842
